0 0.22507926728618086 0.3390625 0.1432070989738195 0.1109375
0 0.3953222981557296 0.50390625 0.17652874525034737 0.1328125
0 0.3965425720914242 0.65703125 0.09571384992374998 0.084375
0 0.4062306158787507 0.871875 0.14506053970326396 0.1234375
0 0.18555825313413205 0.11796875 0.1747129785328474 0.1890625
0 0.3939896553945835 0.178125 0.05007404160312508 0.0703125
0 0.6955775245043755 0.5484375 0.0781990416031249 0.0703125
0 0.7202534822356602 0.70234375 0.07383884992375016 0.084375
0 0.10610332930961879 0.86640625 0.12403952488562511 0.1265625
0 0.9552580563723094 0.815625 0.08948388725538123 0.1234375
0 0.4354478439398264 0.04609375 0.16740701196784724 0.0765625