0 0.24387862847863168 0.20858917752732617 0.09647704646340924 0.22234908510611112
0 0.4129217416342241 0.346195014248958 0.0770837648287476 0.07203996058107646
0 0.8077090237259963 0.09380705813319376 0.19265702669174578 0.13092661094166683
0 0.9250278107978651 0.26702439295496455 0.09252969269935676 0.12547408510611113
0 0.8120038873758801 0.2375934257243743 0.07990501730020574 0.08381326196784729
0 0.8504031314815622 0.604235411856666 0.15843587699575679 0.21052253875333343
0 0.6722210761580855 0.7413211038203814 0.1277350222431215 0.10834178970326391
0 0.25585463543589493 0.6368414640964581 0.22349584980971954 0.0832528303564585
0 0.36093484140676263 0.0316558693488714 0.11979784684397003 0.0633117386977428
0 0.31745000452298633 0.8050998484051387 0.20158635771838504 0.12020731648875013
0 0.5294618676785788 0.9417055763693052 0.10379084486680376 0.05705139342673604
0 0.7992119990857789 0.7680810127303466 0.10404551285158128 0.06330139342673621