0 0.3216221033577261 0.16666759927824693 0.049755646682044755 0.11525492688202617
0 0.1886192466979531 0.2228923774528674 0.06726986334340865 0.0769245973382617
0 0.5759005233529536 0.12113362889856112 0.12686358668840808 0.1652496096955513
0 0.7399539326861809 0.11366734429815002 0.07093066534054522 0.05599001482874764
0 0.7374749173694983 0.23648276178863598 0.09894712468172653 0.11491668726214946
0 0.42130447736313503 0.20246849501990308 0.049146572008272396 0.06291117688202616
0 0.5588361281030861 0.7369642173395742 0.12475564668204484 0.11831094269935694
0 0.36823785276095017 0.6798560073771928 0.11742495202099903 0.15939885771838505
0 0.29910768678385824 0.8515028557040376 0.1658351800206809 0.1590287846004113
0 0.7685031241247215 0.88787150684572 0.09049827800763613 0.05991085228117754
0 0.2942590773392725 0.0317806047154544 0.10052725867281787 0.049387187756441055