0 0.2985228693163095 0.28883228516439335 0.13315914772652385 0.11625352103089917
0 0.6658273717519414 0.2253451537750148 0.06370003571381488 0.07202548620519007
0 0.6143757402574721 0.36314504692303834 0.06504434740221221 0.05960737336031983
0 0.3049928319776415 0.4359120030522178 0.12840346387914794 0.1121016095655099
0 0.46760588027335814 0.40618796076327685 0.055751168019063255 0.06380355042954129
0 0.2890071420411856 0.6380134136130959 0.08221030235290652 0.1487074949116174
0 0.24082656087102783 0.8290611374938142 0.13860062418757346 0.11497762607385331
0 0.834709379866321 0.599486417908509 0.06556254464226896 0.08929487336031983
0 0.7383833993447864 0.8941637528250752 0.08549321509696384 0.06848440637700648
0 0.10924572970416527 0.5349282779283041 0.10690061079489284 0.08755863297125828
0 0.12386515746246114 0.7464389880142124 0.07928412540538946 0.07050060775648745
0 0.1567128392812421 0.660740505427067 0.05750458279171564 0.07482293758467122