0 0.18655946121756203 0.3858062941685762 0.07688008254171694 0.052508710581076465
0 0.43376533186434846 0.38863578096645796 0.06919041327441153 0.05467062262517368
0 0.6893613138856669 0.21648345155992996 0.07749423620519007 0.06422746058107646
0 0.14895324061620419 0.4631506973789582 0.09620661465389255 0.04905705547083343
0 0.659538858549457 0.5324175760849646 0.13908351141996073 0.09297136284152785
0 0.8069361589789985 0.47436607390076324 0.10186347241038014 0.12721842306201409
0 0.8832640428547677 0.3430602160932284 0.08312011646291495 0.09713087955902786
0 0.812345112506186 0.20737859565225625 0.08467597241038013 0.12681837955902786
0 0.5089988687262224 0.6951020268823954 0.13073874491161738 0.08263327488562507
0 0.5474295256690558 0.8104718005337496 0.13718681874690689 0.11633612765916661
0 0.8604883683875382 0.9116465619329158 0.13730964947960161 0.11867987765916652