0 0.4259934052355499 0.7278945438281945 0.14047155334977188 0.12352109496658023
0 0.6700701218969138 0.7712253526739227 0.08073292667886314 0.09123470048646745
0 0.5524842745862764 0.6019514269442217 0.08849997334499946 0.08746481818121907
0 0.3845160719287305 0.531818384737585 0.11464485001590834 0.11916483157389965
0 0.7638223112667303 0.5040572179330425 0.08312213001272681 0.0951818607948928
0 0.7416484139481387 0.3950543648487873 0.09064372867599957 0.0703182284896445
0 0.21533081460854814 0.431970568991998 0.17387494668999892 0.17487508928453738
0 0.3606631379694559 0.23134109780595402 0.11378123667249973 0.044946081573899656
0 0.1800671186346378 0.23912850405718977 0.10068180000795417 0.06033925649282175
0 0.4635961392823205 0.3839496749156268 0.08869996801399935 0.10465231818121908
0 0.16633242998090997 0.14355690543716154 0.12577270667568144 0.06858813311602718