0 0.19690041270858466 0.24642537794715896 0.06330226141996072 0.09223126235728962
0 0.38352398744838545 0.296757005894318 0.14889560266810503 0.16354252965749527
0 0.446806316710742 0.47346674452561144 0.10634625452255579 0.1251684377564409
0 0.5812189382620396 0.483648216350991 0.12744000452255583 0.12602794220506547
0 0.7440973965389256 0.43943134825248276 0.191485894391219 0.20269787155854932
0 0.6640702233148913 0.12247861159835557 0.08103971732199752 0.2075525148287476
0 0.7874125480546921 0.17538875289138742 0.08419129353213642 0.089184516805914
0 0.5661350915868285 0.270526133841477 0.05096935775648763 0.0800350098858317
0 0.1415245952048731 0.38490955779493463 0.09401999491161735 0.08334835228117754
0 0.314919988125754 0.7505133586697872 0.13259117198083886 0.07556502718603716
0 0.9633398829712583 0.221909631332838 0.07332023405748345 0.10343801779449713
0 0.9262283073269462 0.08418413825292023 0.14754338534610767 0.15611203163466159