0 0.41825618731793834 0.551556693387952 0.11460337226160835 0.18096019334818117
0 0.23840852909644578 0.839209592695726 0.12871133636823104 0.18268632535009025
0 0.17533863229073815 0.09419653735677165 0.10284150666391759 0.09881985534690844
0 0.18135060306127843 0.19345165002386253 0.09556856426490726 0.06359088001272668
0 0.4917281619159093 0.15098507606617878 0.07842652837152997 0.06495338534372679
0 0.6686724098043383 0.32720377275617774 0.05870506175762476 0.08502952800763594
0 0.9546391704602888 0.5976820941279032 0.09072165907942242 0.26826019867918127
0 0.8070328454729241 0.7341452107733588 0.06633570533113406 0.0788704346753633
0 0.9115732444567097 0.8376707474538125 0.08177884890464356 0.07280224801081765
0 0.6920527031530559 0.7281213827577686 0.06264240399835046 0.059302822008272214
0 0.21248356043747654 0.5655630073599534 0.0902733105039836 0.096330654678545
0 0.7792903463973608 0.10278612277208606 0.0743755258642473 0.08677384134309048
0 0.9259393405248663 0.3114536927911761 0.06554008346523688 0.05152668467536321
1 0.9376136602665568 0.08825255012726688 0.12477267946688642 0.1405170066836356