0 0.19098166732618566 0.24749501497612444 0.06120793613080418 0.09188988883740708
0 0.3762575892712249 0.2988962799522489 0.14521687476889084 0.16272323320977708
0 0.43536947947952187 0.4759200822218343 0.10352346826325771 0.12458582694917482
0 0.5694178705457487 0.4868798856725462 0.12461721826325771 0.12532243693064124
0 0.7331704819868043 0.4436234150766409 0.186933013327835 0.20164188947037937
0 0.660591822182466 0.12630199502104056 0.07626829796757129 0.2071428666048885
0 0.7825864941275052 0.17991308994156466 0.08218802586424748 0.08872024881887364
0 0.5593057699917527 0.2737350449283733 0.049148205331134065 0.0797619110699257
0 0.13243704460235894 0.38561506306935867 0.09216241943775674 0.0828249128840243
0 0.29716375197855704 0.7521155383897693 0.13095213479802065 0.07481400544229562
0 0.9608813271970309 0.22748995047118542 0.0782373456059382 0.10294643992586623
0 0.9256819615993402 0.08957328822013336 0.14863607680131957 0.15523811542376215