0 0.4495063672820024 0.3886897852379518 0.09642156134627218 0.09753092306201401
0 0.30016253731700077 0.12733144509784747 0.10116360534690845 0.10232752583555564
0 0.12420692262095664 0.3397008924768056 0.10906701201463567 0.11032186379145834
0 0.06363140726450316 0.5086496078075348 0.10432496801399935 0.1055252610179167
0 0.09419905991409486 0.6351763934267363 0.14226132001909003 0.14389808320625014
0 0.6819797758991409 0.7590432253018061 0.13277723201781733 0.13430487765916688
0 0.7133586872613215 0.5472160257386465 0.08535679201145392 0.08633884992375015
0 0.5967620806015483 0.4937072064001047 0.07745338534372692 0.0783445119678472
0 0.3298489426320925 0.26243379692145863 0.10116360534690845 0.10232752583555564
0 0.7569488866565914 0.09185703172257008 0.11459939668204484 0.11591790036059038
0 0.8601171506206384 0.35917377792284794 0.1675522213558171 0.16947996466513898
0 0.6891735632161418 0.8795557470532991 0.10669599001431748 0.10792356240468734
0 0.30018433589277765 0.7970445330537503 0.07745338534372674 0.0783445119678472