0 0.053184475868564875 0.84453125 0.10636895173712975 0.2640625
0 0.31879205146697726 0.8265625 0.08098959437236992 0.08203125
0 0.32199893013758335 0.578125 0.05659722958157989 0.0546875
0 0.23869535681660564 0.5921875 0.0847594351165428 0.078125
0 0.42815221561694583 0.49140625 0.14384425843752044 0.0921875
0 0.5686581645284867 0.5171875 0.08377977767481433 0.1171875
0 0.6055777780533323 0.73515625 0.1431349303072194 0.071875
0 0.4235564517371297 0.7125 0.06312004809323427 0.0625
0 0.7076586994596951 0.228125 0.11794395734906135 0.06640625
0 0.9357911339432657 0.27265625 0.058015885842182514 0.0953125
0 0.3126636579898828 0.24140625 0.0587599303072194 0.071875
0 0.20002469329960926 0.8046875 0.06940725362819704 0.0859375
0 0.8598064649839736 0.6140625 0.06137649881887377 0.0796875
0 0.3270187245178025 0.9265625 0.06099455290255769 0.06875