0 0.44290393619731117 0.3992660233642516 0.0980858105039836 0.0997517510334573
0 0.29806176379005356 0.1343579991714305 0.10290970282385156 0.10465757485477489
0 0.1183274850228122 0.34268626778268035 0.11094952335696498 0.11283394789030421
0 0.05477814740093998 0.5102697200162106 0.10612563103709696 0.10792812406898662
0 0.08314953681781415 0.6375428494618808 0.1447167695960413 0.14717471463952717
0 0.6690068173009152 0.775135126340789 0.1350689849563052 0.137363066996892
0 0.7040961858015997 0.5639814565722473 0.08683006175762494 0.08830482878371626
0 0.5883862692668369 0.5077421110393081 0.07879024122451135 0.08012845574818712
0 0.325401850620503 0.2701884913135476 0.10290970282385156 0.10465757485477489
0 0.7556529549354226 0.10951443444634083 0.1165773977301443 0.11855740901517464
0 0.8541967888628783 0.37930685772953915 0.17044419530200408 0.1733391083532209
0 0.6740998310909687 0.895847886679871 0.1085375771970309 0.1103810359796455
0 0.2863928941022347 0.8042531222069599 0.07879024122451135 0.08012845574818703