0 0.3627801109788373 0.2574668056004903 0.08660274122451135 0.08147678413027978
0 0.29804635807584334 0.1305472608056924 0.10245506175762475 0.09019933674699834
0 0.2723680596460537 0.2431683581466216 0.06592652837152997 0.06779371572854576
0 0.6975893685006846 0.17223017171020677 0.08028454506457727 0.07876901308359248
0 0.7253075400500124 0.07592431910760573 0.09685827962517131 0.05867632096198281
0 0.8050010517284949 0.12528030602401327 0.04210258346523723 0.05314738680346807
0 0.29888641020004975 0.4552665397448875 0.07231292069139794 0.07284523677523325
0 0.4153214039318436 0.5032651530120067 0.07231292069139794 0.07284523677523325
0 0.5150833747023837 0.596841576788352 0.18370506175762474 0.09493161035393456
0 0.608736434810656 0.5342590058263692 0.06409124373179384 0.058327710466874017
0 0.7190434489964209 0.5599198875093399 0.06527331050398359 0.09895271046687384
0 0.7285848997087013 0.8340476322476679 0.07660561559769086 0.08635399992941295
0 0.6818426288590189 0.7068627769436437 0.09229881175762475 0.0896078025461314
0 0.28100285754711796 0.9164616449783246 0.10728731426490726 0.06864285516284988
0 0.17490465558119617 0.658913726463651 0.19326792986259803 0.1555428866622938
0 0.8682465124699054 0.30863186134215487 0.23437866316955044 0.14779827609659774