0 0.27401049835064734 0.15598216361309586 0.07342077962517113 0.056891809135968606
0 0.6912277759307545 0.41883952623082343 0.0756939849563052 0.1350168091359686
0 0.6774594779631833 0.6231175904551748 0.10535274122451135 0.08196705223856356
0 0.67584785068701 0.7591779211878693 0.12393525666391766 0.10400250452255584
0 0.8621420180131956 0.5146477504502259 0.10596650666391767 0.10306080223856355
0 0.3164070030360079 0.823279206240721 0.09170777837152996 0.06877101141996071
0 0.5251996106496328 0.37023385063194 0.07179008346523723 0.05446617198083885
0 0.6978511636317689 0.21809921980838834 0.23019962852981452 0.13687363749381404
0 0.028572573189203976 0.7178768967660683 0.05714514637840795 0.12691770409301456
0 0.17353415907942246 0.46291051503800534 0.07136418613080417 0.09344678482570909
0 0.8178955760098967 0.39496269221876845 0.06041231426490725 0.06557076831736577