0 0.3611609312301391 0.2863804431979864 0.08615701196784728 0.07852634992375007
0 0.2971867373665626 0.1544933571419447 0.10196384992375007 0.08670252583555564
0 0.2708625863403822 0.2647580567051044 0.06555357123840277 0.06555357123840277
0 0.6963522424005557 0.2285926590973964 0.07985246058107656 0.07603712955902783
0 0.7246207531341321 0.13477057712541726 0.09654899810013902 0.055343423062013966
0 0.8040004350298613 0.1904952066844451 0.04180694671336802 0.0517268073706945
0 0.29613926253652817 0.4785120853904516 0.0719126740119445 0.07038654160312507
0 0.41225587822784765 0.5358726033422225 0.07191267401194454 0.07038654160312507
0 0.511440220267813 0.6373461439954171 0.18321384992375017 0.08859364057694456
0 0.6054253031897228 0.582533317057431 0.0637728656913195 0.05614220364722229
0 0.7155458388089241 0.61711029844007 0.06471842306201392 0.09676720364722229
0 0.7234908510611119 0.8913654160312505 0.07612804853697916 0.08375871058107656
0 0.6775035909931256 0.7606778072737852 0.09180759992375016 0.08646613649288196
0 0.2755813343436119 0.9371597335668405 0.10692345364722229 0.0649548124046877
0 0.17101589522968805 0.6715873253224653 0.1924265021842015 0.14893172853284736
0 0.8661588621759378 0.3785595575581257 0.23359636284152785 0.1397392196991321