0 0.596091293916883 0.15830845237010194 0.06853423439090349 0.06325645734906135
0 0.14070936787083288 0.311096212706539 0.16977184137714502 0.1245337524470707
0 0.21711063284695734 0.1246105864830036 0.10450893992586623 0.08792164065150562
0 0.3506920361971527 0.5227802132546931 0.1069643065307547 0.1582341406515056
0 0.5808681203179036 0.4615525034585611 0.09587798439090349 0.0642113221398514
0 0.6843899352013608 0.3797171717000628 0.08443205290255769 0.07161459437236992
0 0.7426439232204614 0.5247370058208137 0.11130457694917481 0.10376489546082901
0 0.3589063625981733 0.8252058088081894 0.11234377649368783 0.20055804990733286
0 0.5512426516209149 0.6659597504633361 0.07227679328391083 0.058705366604888454
0 0.12018856986241666 0.5746329230508251 0.10202134618646848 0.12841023139567848
0 0.9006696996293311 0.3909373807784048 0.06638145734906153 0.06864336179556511