0 0.2484375 0.3514453670936592 0.0859375 0.09424996974937896
0 0.2171875 0.4614198099120669 0.0859375 0.06456246974937904
0 0.440625 0.5642822312604523 0.103125 0.10059996369925486
0 0.525 0.3468043606507516 0.08203125 0.10985224385167988
0 0.61328125 0.5043492159387499 0.09765625 0.13181814744247616
0 0.5765625 0.7002293425003789 0.14453125 0.18443460821486468
0 0.77734375 0.4193662036421098 0.16796875 0.19785221360105892
0 0.6375 0.13964636650448403 0.13125 0.17888859016268785
0 0.82734375 0.10012584513265758 0.1234375 0.0944681383672898
0 0.8046875 0.2085877849260031 0.1015625 0.05684087334017516
0 0.32890625 0.7323822705862595 0.0953125 0.10992951190385654