0 0.455333953153056 0.7026130750579591 0.1425859682632577 0.12676011266130088
0 0.7010018058186229 0.731711690153537 0.08230168613080409 0.09309076680591381
0 0.5766058964099962 0.5693947153624078 0.09000052586424748 0.08950285178688588
0 0.40590093982522085 0.509083250951402 0.1166910579967011 0.12180335722409338
0 0.7838069794795219 0.4592690043742621 0.08475909639736087 0.09709251730020547
0 0.7572097240692456 0.35163025931717806 0.09184417069139776 0.07241085228117754
0 0.23276966521461465 0.41914795353659084 0.1768760517284949 0.178878369581383
0 0.36982808135366607 0.210197423384804 0.11453151293212382 0.04758460722409339
0 0.18967758010002486 0.22848846144525617 0.10170490399835055 0.06266843775644107
0 0.47890286764275486 0.35671298463977974 0.09050063103709682 0.10669035178688588
0 0.17206051959604132 0.1337807979091029 0.12693222453146397 0.07149960969555132