0 0.16725631592006926 0.19043229321835567 0.07534614532659725 0.051894293837528235
0 0.3247713430868051 0.5311556848651348 0.0675881967133681 0.053874170801998925
0 0.14546570279420096 0.5231185146823084 0.09524107123840282 0.06842897642635144
0 0.5390546614754163 0.37758111290584406 0.09889274810013901 0.05767341294411619
0 0.44925958396874943 0.6814381670824545 0.10999455547083344 0.09877144789030404
0 0.3741296845580896 0.8246295490093238 0.07024107123840287 0.0672645827126579
0 0.07376470222552006 0.9213419989665427 0.1312701434267362 0.10756640508623327
0 0.7870018522048607 0.35354633767956567 0.0779262846692708 0.062159705748187036
0 0.627042357904444 0.5201987983901514 0.057304660144236054 0.0479323858558109
0 0.0899092998681594 0.361821449752331 0.07365701196784728 0.07991013192686953
0 0.8203579064414231 0.42925265901968385 0.09680357123840296 0.0685017510334573
0 0.253477571335312 0.5430606794884513 0.06548083605604171 0.06392125889134022
0 0.17726186987229128 0.4646681598437442 0.06998649810013893 0.05632708271265781
0 0.17308743541111088 0.24166730748637932 0.05743194671336811 0.0534011358558109
0 0.28527896409645814 0.2161514230783105 0.05990298328250008 0.05897904776646963
0 0.9701260895714234 0.19752100786239205 0.04691267401194423 0.07086046360606986
0 0.7726341469421178 0.16613838296483593 0.06362739532659738 0.05134848428423431
0 0.825023303383541 0.6311597613770488 0.046858122625173595 0.06851671360606985
0 0.4019104988626383 0.7710486306885244 0.07967062262517363 0.0700449803552928