0 0.4732444066279563 0.27683782062014634 0.07103975334181775 0.06372730925276535
0 0.47848698464354644 0.16192588677277048 0.05564202001113579 0.08298582386326192
0 0.14570120930141056 0.2325652637997177 0.07138519867918128 0.09341480925276527
0 0.41540299260027574 0.4817122812528833 0.0645352146721816 0.04174321509696384
0 0.7624421719446388 0.3944211923753831 0.04374145667568143 0.0671562723211343
0 0.7347695159134585 0.6245450689985885 0.0827766846753633 0.06549436079489297
0 0.4378757872374589 0.6984634046296779 0.06940452800763594 0.057450035713814886
0 0.5335144565563688 0.8030224452147567 0.05155395667568143 0.06729264001588611
0 0.7540985818746421 0.9100871026838085 0.06478975334181776 0.06361821509696383
0 0.15767866255573237 0.8142692313323134 0.0849022586728179 0.046785271103318225
0 0.38574802387018775 0.9493225211066136 0.05903010200509069 0.038522757710637734
0 0.1943332305458692 0.8862709163975054 0.043441464672181594 0.04137502232113448