0 0.27401049835064734 0.13331363902116275 0.07342077962517113 0.05521634890464333
0 0.6912277759307545 0.36159513407310484 0.0756939849563052 0.13334134890464328
0 0.6774594779631833 0.5665099546062182 0.10535274122451135 0.07956313103709682
0 0.67584785068701 0.7023792584462842 0.12393525666391766 0.10117971826325771
0 0.8621420180131956 0.4432673682379872 0.10596650666391767 0.100656881037097
0 0.3164070030360079 0.7955803068095669 0.09170777837152996 0.06667668613080409
0 0.5251996106496328 0.3266160434817317 0.07179008346523723 0.05282713479802066
0 0.6978511636317689 0.1607911520197935 0.23019962852981452 0.13159229546028878
0 0.028572573189203976 0.7143747370678764 0.05714514637840795 0.12536972453146406
0 0.17353415907942246 0.4476920392585896 0.07136418613080417 0.09184417069139794
0 0.8178955760098967 0.327466523489979 0.06041231426490725 0.06420490399835055