0 0.5794236475385733 0.16861048904624668 0.0699554552052021 0.06209662540538945
0 0.11130443714228648 0.3133612962671218 0.17254139988706055 0.12164099512873605
0 0.20481005538872873 0.12832204870275377 0.10647678413027988 0.08614778003177208
0 0.30090745050822765 0.5285793729730528 0.11057202090551303 0.15646028003177204
0 0.5360328794050705 0.47140425243892725 0.0972992052052021 0.06257391233702041
0 0.646833142488663 0.39142465179030417 0.08603548151356151 0.07018186079489279
0 0.6914036478915092 0.5373723514659925 0.11363683674699843 0.10188187418757337
0 0.28095418237472486 0.8309640332814784 0.11693541297065302 0.1987159638791481
0 0.4874834453877301 0.6751701806042603 0.07358868942018652 0.057477309252765355
0 0.06632805318141585 0.5763794935071782 0.10493667093374792 0.12670459618439622
0 0.8613660793486007 0.40641090341515723 0.06793022362105354 0.06752446509696383