0 0.20139541025802896 0.3441175951740974 0.14579199710451585 0.11421058320625006
0 0.36012393920836094 0.5128344936348267 0.17962334160399784 0.13684930262104195
0 0.350648277711987 0.6659049422480559 0.09767982878371625 0.08655705547083344
0 0.34532926923493157 0.8808577950215977 0.14793669396136266 0.12674695079743045
0 0.17731801716350776 0.12222375816812514 0.17911822745980874 0.1930265674386807
0 0.38154744478993224 0.18719871399954893 0.05171235731976358 0.0714398953265973
0 0.6572686129058442 0.5643301373459033 0.07983735731976367 0.07209451196784719
0 0.6711940641059171 0.7187273498268409 0.07580482878371626 0.08604790919430556
0 0.054539113473794656 0.8684064675149307 0.10907822694758931 0.12938098831649328
0 0.9026366550907424 0.8375182898906953 0.10106169396136266 0.125655923062014
0 0.4322281490903772 0.0562039403481948 0.16919095574818693 0.08041746466513904