0 0.42462719866803694 0.5562396547289934 0.11669670456235504 0.182233231382639
0 0.24815617646209667 0.8417011099917364 0.13082287155854944 0.1841230397032639
0 0.1764126027754691 0.09620611882545153 0.10397918726214943 0.09998377583555565
0 0.18358045703381295 0.19549760400781263 0.09629667984777565 0.06468205547083343
0 0.4934210306460784 0.15665918844833376 0.07917284684397004 0.06584451196784728
0 0.6723949007217531 0.334878373478195 0.05968801779449713 0.08568423328250008
0 0.9572785894481868 0.6086484074818758 0.08544282110362644 0.26933318787965277
0 0.8154789862341977 0.7432928983638201 0.06724584980971962 0.07961607123840295
0 0.9212116744849304 0.8480005417905563 0.08261618182494175 0.07372974715020852
0 0.7004442352456145 0.7359323804120491 0.06332501235728963 0.06001208605604162
0 0.21904570212807814 0.5678453826931599 0.09138368676785787 0.09734908510611114
0 0.7803825197716635 0.11182469281673676 0.07537668479069151 0.0876104091943056
0 0.9294433967674204 0.3221290260229869 0.06613167737631756 0.05227232123840277
1 0.9376591674904858 0.09916430470833412 0.12468166501902829 0.14197190729444456