0 0.1741840293602715 0.20243793502986124 0.07478237133990877 0.050164960581076466
0 0.3438634667409056 0.5547303996950003 0.06699714334022691 0.05232687262517359
0 0.16398506273867852 0.5341418767092362 0.09449543467536321 0.06624455547083344
0 0.5531282840547247 0.4158900245043755 0.09827441534054522 0.05539797444878478
0 0.4738066000954502 0.713962542171806 0.10890338001272681 0.09625936379145834
0 0.4035588294477675 0.8521333829775003 0.06949543467536326 0.06566267401194423
0 0.10608494012567604 0.9279996730620139 0.1300880366804539 0.10456282627239588
0 0.8006390833863612 0.40915428770649365 0.07724430000795408 0.06037576196784724
0 0.6462435794079966 0.5648925285884381 0.05677725867281787 0.04662173328249999
0 0.1027010227164068 0.3686974082443751 0.07276588534372679 0.07823540919430556
0 0.8366953093968608 0.4873163085080563 0.0960579346753633 0.0662809230620141
0 0.2728697140754056 0.5616694242962849 0.0647715720082724 0.06242857123840295
0 0.19379019406426976 0.477819794737257 0.06936816534054513 0.054725174011944586
0 0.18181526336727116 0.25416408919017375 0.056840893340226996 0.05209048328249999
0 0.2932976560311804 0.23645187195958356 0.05924827800763595 0.0576137846692709
0 0.9777761040141584 0.2656803106922577 0.04444779197168316 0.06980466014423614
0 0.7796982326941351 0.22043662661232705 0.06306362133990877 0.049892203647222286
0 0.8484247920909957 0.6898782640551395 0.04608520667568143 0.06746091014423605
0 0.429512254773995 0.8004078820275697 0.07889770667568144 0.06822462955902786