0 0.4202327702916719 0.5234375 0.10396585821486468 0.14453125
0 0.6444878817279903 0.5296875 0.3121419725780495 0.20703125
0 0.27638173458010196 0.2375 0.14104315651766247 0.071875
0 0.0594487646343312 0.28125 0.0648806323171656 0.140625
0 0.1347906948615111 0.60859375 0.08265848477649361 0.1078125
0 0.38082587840834076 0.7328125 0.17248859923787413 0.10546875
0 0.6820696949597069 0.54375 0.2260999334486339 0.1890625
0 0.7071070981577197 0.81875 0.22103972872636923 0.125
0 0.9218265656676035 0.87421875 0.156346868664793 0.1703125
0 0.6873692315550397 0.24609375 0.08652837334017516 0.1015625
0 0.14654632717867672 0.74921875 0.1804056383672898 0.1234375
0 0.2708190984523073 0.62421875 0.0823857740041051 0.0609375