0 0.06147965595163859 0.8437312713240004 0.12295931190327718 0.26551700668363554
0 0.3380383245544597 0.8225171532861385 0.07907952001113579 0.0829403166772722
0 0.33546040658818543 0.5741432879535476 0.055323846674090585 0.055323846674090585
0 0.2524842745862764 0.5891693986314561 0.08294031667727228 0.07907952001113579
0 0.4395944705999576 0.48622456993954827 0.14169769867918128 0.09382382001909004
0 0.5807007285964578 0.5103604092536855 0.08105110001590835 0.11811474801081764
0 0.6226956825668682 0.7278109912476403 0.14146134134309046 0.07351132001908986
0 0.44014681190327715 0.7072819572724574 0.06166475334181776 0.06320907200827239
0 0.712970525302365 0.21979794923618629 0.11639770667568143 0.06775166868236289
0 0.9421398572963199 0.2616565432050059 0.055796561346272 0.09594884667409058
0 0.3182847339672288 0.2376699859564111 0.05708634134309047 0.07252952800763604
0 0.21876161322409593 0.8020330253023651 0.06740622334499946 0.08671020667568144
0 0.8741047359166402 0.6038082278803691 0.05952099801081765 0.08036930000795425
0 0.34859346920755124 0.9223807932845478 0.05939372867599957 0.06943180000795408