0 0.6941884716960893 0.6808304235878805 0.05576415258848364 0.045621572208706954
0 0.8282155902248803 0.7949298059050461 0.0687037683452644 0.08006020472226431
0 0.31658086923466267 0.8576004392041703 0.059662697312694316 0.05892100292686635
0 0.20460451400122565 0.8882095688890572 0.06959143415851476 0.0550738402608836
0 0.28283447176667653 0.7526811350476401 0.11310621572854576 0.0646988251355733
0 0.6490326793203659 0.39609635440423563 0.062233960466874017 0.06284088846548563
0 0.9110075765060033 0.20536785703651422 0.08557202090551322 0.15513292759490122
0 0.23933843188061465 0.31868740924813693 0.22893561305535756 0.1091078761688455
0 0.4518677949359722 0.21207483664664645 0.05594543408792738 0.1291880511314681
0 0.7861048289956649 0.05537188133520695 0.04592642100433508 0.05103123487468948
0 0.7975898186134955 0.207052556003242 0.04858868942018653 0.056513620413308895