0 0.32371352298576406 0.1889849098043383 0.0510741503605904 0.11469063730530311
0 0.19130171969913215 0.23587897868809904 0.06813371058107646 0.07615097453146395
0 0.5775827521842014 0.1612393091838353 0.12872767809600702 0.16379337852981446
0 0.7416270683886113 0.16523179037921681 0.07154899810013901 0.05517088479802066
0 0.7405756742962849 0.2877743801126601 0.10023834897381967 0.11377900666391758
0 0.4238596465608683 0.2317156305748785 0.04985583605604162 0.062346887305303154
0 0.5676746493137507 0.7753783655311837 0.1260741503605903 0.11687291442319178
0 0.37632164427975756 0.705010726576528 0.11922539152687506 0.15805184389007837
0 0.3091555941272577 0.8716921097251961 0.16760834014010423 0.15711748119538135
0 0.7791966436141674 0.9408000917120003 0.09115298328249999 0.05886418613080409
0 0.2947682925530556 0.052297252045064045 0.10105466014423622 0.04822220282385159