0 0.5436026181714801 0.4369233836486268 0.09792668613080409 0.09483886646291491
0 0.42876253134103076 0.29632495985876567 0.12718828879637126 0.1353753352552504
0 0.6603451519532865 0.27012206524040405 0.07129598997087001 0.0911030348257091
0 0.7548008794542513 0.5465794239014028 0.07258570533113406 0.08180992198083885
0 0.7257916778840409 0.6561657858417618 0.08764240399835047 0.06309754353213641
0 0.4489563932443049 0.6510467593837959 0.0811938271970309 0.10956310775648745
0 0.3636530422280905 0.5440763851189648 0.0819439849563052 0.13534435775648762
0 0.21398801134927808 0.5784846053816384 0.16136471199505165 0.18396996551297526
0 0.3367278632234223 0.8509471828349728 0.13838185306127837 0.198366658186029
0 0.1455345618906388 0.8604881999091429 0.12727320533113406 0.08467597241038013
0 0.17252662239462233 0.766444950813654 0.07849472453146396 0.07041872060135787