0 0.5436026181714801 0.3787016163513732 0.09792668613080409 0.09483886646291487
0 0.42876253134103076 0.25055004014123433 0.12718828879637126 0.1353753352552504
0 0.6603451519532865 0.20019043475959597 0.07129598997087001 0.0911030348257091
0 0.7548008794542513 0.4659205760985972 0.07258570533113406 0.08180992198083885
0 0.7257916778840409 0.5782092141582382 0.08764240399835047 0.06309754353213641
0 0.4489563932443049 0.6020782406162042 0.0811938271970309 0.10956310775648745
0 0.3636530422280905 0.5043611148810352 0.0819439849563052 0.13534435775648762
0 0.21398801134927808 0.5543278946183616 0.16136471199505165 0.18396996551297526
0 0.3367278632234223 0.8131153171650272 0.13838185306127837 0.198366658186029
0 0.1455345618906388 0.8426368000908571 0.12727320533113406 0.08467597241038013
0 0.17252662239462233 0.7460550491863459 0.07849472453146396 0.07041872060135787