0 0.16933283238797384 0.23818361282348777 0.09104378571381497 0.0703182284896446
0 0.5606902637997176 0.15826961079159757 0.10293190543716157 0.16971425649282174
0 0.22440297281419225 0.8440166014594019 0.08614778003177212 0.10303527110331849
0 0.5291098380733119 0.758682668015768 0.136529609577077 0.12578302434972918
0 0.7258097398603208 0.9512361810014115 0.1380551534085667 0.07894893465815471
0 0.7412781960255358 0.42322027515721283 0.15809096387914803 0.10819610389503401
0 0.7623442670461286 0.11177426054671624 0.16326543344033873 0.18092053774240985
0 0.29524827029253947 0.05360583563108943 0.1086307061685102 0.04875687418757346
0 0.5029858944867035 0.9121798149315129 0.12877165665497756 0.12877165665497756
0 0.3216188920510715 0.8261763108743232 0.09154834618439622 0.0992244784896446
0 0.28733362094775317 0.909978566556366 0.07167617694751698 0.07935230925276535
0 0.025668809864968584 0.9232562678569074 0.05133761972993717 0.11986821509696384
0 0.03401600811932248 0.7476659326295598 0.06803201623864497 0.06997730925276535
0 0.23843343425441293 0.17452626176782754 0.0851932061685102 0.04834777110331836
0 0.31654479748493775 0.17667118871534454 0.07362050649282174 0.10125458279171565