0 0.30967592079257356 0.25804271483560665 0.1376203683170294 0.11625352103089917
0 0.6736026419239656 0.15590484622498518 0.06650423151356151 0.07202548620519007
0 0.6278868654744321 0.29935495307696164 0.06733868942018653 0.05960737336031983
0 0.3221366653897274 0.40471299694778223 0.13270535516284987 0.1121016095655099
0 0.4831882864787671 0.3578745392367232 0.0582367052052021 0.06380355042954129
0 0.3144360994070678 0.6088615863869041 0.08810548670464602 0.1487074949116174
0 0.2741582518543771 0.8053138625061859 0.14299811305535765 0.11497762607385331
0 0.8573978731551783 0.5130135820914911 0.06906778939195171 0.08929487336031983
0 0.7733083833961732 0.8183362471749248 0.08810621572854593 0.06848440637700656
0 0.13085078370675682 0.5244467220716958 0.11024652623777209 0.08755863297125828
0 0.15407399403245645 0.7348110119857877 0.08199272362105359 0.07050060775648745
0 0.1833526993788329 0.645509494572933 0.06043624203690508 0.07482293758467122