0 0.17891082247267381 0.229099679041275 0.0914439240119445 0.0718874128840242
0 0.5667361711621529 0.12876728530972648 0.10390951605190998 0.17146082694917478
0 0.25861008025954935 0.8314955035433791 0.08673889342673621 0.10450893992586607
0 0.559625759971077 0.730285145291193 0.1372480397032639 0.12812997840045348
0 0.7640262385039245 0.9123634913928435 0.1385007619678472 0.08133682395394999
0 0.7579839926848961 0.38402023658352 0.1587048124046877 0.11092512023308557
0 0.7663536582443751 0.08180736965233393 0.1643021553945836 0.16361473930466786
0 0.29722114532659727 0.03809767840830282 0.10890352773541671 0.05063989546082905
0 0.5397704677023618 0.8850098508261558 0.12950827488562505 0.1309821598887993
0 0.35503048536979237 0.8085813039988661 0.09211672444878474 0.10079366288402421
0 0.32418183529354244 0.894102141747814 0.07213087955902786 0.08058036660488846
0 0.05585006259211883 0.9214558485487212 0.06682643692972232 0.12098711179556502
0 0.06269620858430618 0.7452926526324053 0.0719126740119445 0.07120536660488845
0 0.2453703174386807 0.1618824079898828 0.08546602773541671 0.049821439925866205
0 0.323513501234271 0.15993547287333998 0.07420252583555564 0.1025099303072194