0 0.23825354011651942 0.33697994233436945 0.08866534639736087 0.09825379353213641
0 0.2037983205996204 0.4487739354369644 0.08780152837152995 0.06856629353213642
0 0.4242806536691462 0.53862657225341 0.10603470282385156 0.10540455223856356
0 0.5149978965430101 0.3162359158764033 0.0852137374635877 0.11367407564431194
0 0.5987100038274307 0.46864054161157237 0.1014752349563052 0.1363679471956095
0 0.5562855084462843 0.6666586397571216 0.14987328252816495 0.191168311849502
0 0.7652730296916782 0.3741048903229484 0.17369722743445787 0.20567786917644834
0 0.6335446227238267 0.10252754070706123 0.13643290815498563 0.18500352103089912
0 0.8245704394960164 0.051953251358796394 0.12616534639736088 0.1002190852552504
0 0.7987544340857402 0.1617343651081778 0.10319920783841656 0.06157266508343388
0 0.3076517801538966 0.7132315038451873 0.09849498746358769 0.11437011646291495