0 0.7217843076345029 0.6936370840592714 0.05391593262956 0.046548998100139016
0 0.8604319760606032 0.8101914172655216 0.06545345048646745 0.08117857123840296
0 0.3514739874246889 0.8639969501318406 0.05727275771063774 0.05990298328249999
0 0.24077226664568205 0.8926830349536112 0.06736082386326192 0.05623312262517359
0 0.3134575645343617 0.7583820765567364 0.11049321509696401 0.06660823138263901
0 0.6650293417234646 0.40782556420763943 0.059684691558013724 0.06386378466927094
0 0.9191652370143565 0.22147506259211883 0.07926258035608384 0.15646951196784728
0 0.252275971593081 0.32318815254479183 0.22453812418757346 0.11299488174322932
0 0.4604078457806544 0.22017617458062538 0.05068756696340308 0.13003364532659728
0 0.7881761099841139 0.06914688354618122 0.043855140015886106 0.051781358757465326
0 0.805843076705931 0.22118216223152848 0.04629434740221221 0.057304660144236144