0 0.39585905627487883 0.5307195348997407 0.10901419714798122 0.14633130357072233
0 0.6198231382901012 0.5408832877391145 0.3193733769957568 0.21245868425111764
0 0.26532261657845246 0.24230014285525986 0.14355368182494202 0.07432961850553062
0 0.04635244068500953 0.28225912094116257 0.06979252965749523 0.14174321509696391
0 0.10645170498228451 0.6108847272718286 0.08642427273741302 0.10924436079489297
0 0.34670267878483035 0.7393854228870319 0.1761725222431215 0.10846883928453739
0 0.6567501353243518 0.5556003526739227 0.23270370653952135 0.19298988960884883
0 0.6689822439941389 0.8310094557581778 0.22540585969555132 0.1288455689919979
0 0.883909565629238 0.8902692276722751 0.16787720258518882 0.173121674511885
0 0.6759099480993833 0.25806683359919924 0.09007585475263546 0.10306254464226869
0 0.11165917532478926 0.751700642044481 0.18471719269935694 0.12657395697928903
0 0.24175253502034058 0.6288825251605081 0.08451426285158128 0.06236936079489297