0 0.49150690581117973 0.2823836904807166 0.07358798620519007 0.06290906615858276
0 0.4893944499091429 0.16751721458301755 0.05898657564431211 0.08234941256778665
0 0.16076151684702764 0.23429266588743633 0.07514384215265535 0.09259656615858278
0 0.44672442955561226 0.486612648228043 0.06619156603337366 0.040997704722264314
0 0.7885600474888652 0.4033491336919077 0.046448954093014375 0.06665623487468939
0 0.7755974592929388 0.6331820794371816 0.08538862336031983 0.06453974385167989
0 0.48310674411864785 0.7036547024827691 0.07169793758467105 0.05664997579950324
0 0.5855500706674709 0.8093411002198329 0.05426145409301455 0.06670168667008766
0 0.8132390586816832 0.9189877692305272 0.06733798620519016 0.06287270472226432
0 0.21001448213286023 0.8162148315784808 0.08674972749876284 0.045803379390299256
0 0.44698993893940814 0.9539410487937771 0.060559041723114146 0.03784088846548563
0 0.25132223484639366 0.8886529129605701 0.04509781603337348 0.040874984874689345