0 0.23017389000826372 0.20173848315297235 0.0926278303564585 0.22489818068726608
0 0.3901638730064233 0.3345875254419133 0.07585529160312507 0.07420213986866324
0 0.8005065334349999 0.07041000226330754 0.19044577488562525 0.1363889586155702
0 0.9065714294271873 0.24041820782666004 0.09037303970326391 0.1280231806872661
0 0.7955982150463887 0.2142418894184373 0.07847179853697916 0.08604372060135787
0 0.8104893311189578 0.580201082091491 0.15481870583142374 0.21489241689245625
0 0.6238043358686104 0.7226353228192368 0.1258923124046877 0.11193783525525039
0 0.21474042002479116 0.6301500881959265 0.22213087955902786 0.08967108887329509
0 0.35848399401607633 0.027274611318761383 0.11867857123840286 0.054549222637522765
0 0.2654820363817007 0.7968152877663852 0.19956620174736123 0.12594278154634875
0 0.4684407693798603 0.9274124332892579 0.1028353656913195 0.06001016508343397
0 0.7488946016361799 0.7457309068312918 0.10298083605604162 0.06626016508343398