0 0.21839727665567027 0.38942052742195066 0.07569633346523715 0.051213042056281834
0 0.466303579242095 0.39657345550783124 0.06795202962517113 0.05351134026088378
0 0.7083366518867795 0.22873092877325166 0.07603731426490726 0.06293179205628183
0 0.18703126788018168 0.4661784701421624 0.09511392319868044 0.04742042154477701
0 0.704239151424561 0.5444331968254283 0.13698918613080407 0.09062552088084708
0 0.8471791576927672 0.4889048386105637 0.09894962852981451 0.12555451190385652
0 0.9129368868430847 0.3588128176315208 0.08089831050398359 0.0957670179539809
0 0.8308110454602888 0.22176733558550166 0.0817621285298145 0.1254545179539809
0 0.5666889903000746 0.7046354195016736 0.1288811694377568 0.08042381908544911
0 0.6146073162434643 0.8207825942679043 0.1345461477301443 0.11404484016268776
0 0.9346049498543507 0.9275219110156623 0.13079010029129848 0.11638859016268768